1.1335,0.90765
0.41221,0.36532
1.1611,0.63702
0.4346,0.23992
0.32997,0.26817
0.48265,0.35905
0.8947,0.51735
0.76276,0.51625
1.1018,0.70797
0.64174,0.488
0.99616,0.62884
0.59996,0.26535
1.3578,0.80124
0.19731,0.17976
1.0885,0.74333
0.62499,0.47384
0.56758,0.33053
1.35,0.78959
1.228,0.79561
0.486,0.29726
1.1349,0.63741
0.95116,0.71041
0.98392,0.75834
1.0913,0.6277
0.94542,0.72363
1.4648,0.91329
0.71994,0.60952
0.49839,0.24326
1.3791,0.92423
0.86528,0.70083
0.79527,0.48976
0.35916,0.38015
1.1981,0.87619
1.0483,0.65082
0.7597,0.5812
1.1356,0.78268
0.33569,0.1575
0.87937,0.51904
0.38191,0.14056
0.85881,0.52958
1.3589,0.92432
0.24174,0.0087068
0.30081,0.27314
0.81464,0.39124
0.82734,0.65102
1.4728,0.58792
1.2865,0.59793
1.3625,0.047066
0.93415,0.20908
1.3621,0.090897
