1.0675,0.23165
1.4565,0.37025
1.0483,0.41834
0.7732,0.16371
1.1188,0.43024
0.91048,0.047323
1.4983,0.21479
1.4861,0.022532
0.66534,0.20157
1.0367,0.37886
1.4864,0.083994
0.52056,0.088489
0.94596,0.25184
1.2038,0.12227
1.1257,0.47991
1.4983,0.46701
0.81166,0.088269
1.4548,0.62237
1.3596,0.12649
0.70322,0.14612
1.4135,0.10712
1.2621,0.40273
1.4106,0.01557
0.92112,0.15876
1.0218,0.38625
1.261,0.38984
1.4355,0.49567
1.2656,0.54422
1.3783,0.613
1.1824,0.0082414
1.4755,0.0078539
1.2173,0.10875
1.3799,0.029213
1.3307,0.60233
1.4516,0.44078
0.58984,0.13299
0.44389,0.04913
1.0617,0.12699
1.3481,0.055555
1.3976,0.0073303
0.48437,0.021409
1.4337,0.13193
1.4794,0.090131
1.4241,0.048659
1.4245,0.19311
0.30245,0.33818
1.001,0.72774
0.22944,0.14585
0.51396,0.45908
1.4679,0.99019
