1.037,0.60228
0.51875,0.47493
0.72638,0.47472
0.83832,0.69939
1.0545,0.62267
1.1774,0.93651
0.92865,0.46553
0.35756,0.32302
1.0017,0.61717
0.3524,0.17779
0.59814,0.42541
0.37929,0.18347
0.61729,0.48847
0.71356,0.53806
1.0762,0.59737
0.22746,0.12969
1.3653,0.91982
0.20804,0.049324
0.59667,0.38396
0.94497,0.77826
1.0404,0.70386
1.3073,0.97511
1.4432,0.86044
0.64836,0.47935
0.0093024,0.084647
0.44066,0.33296
1.1345,0.8251
1.4954,0.87192
0.48396,0.2159
0.71721,0.4984
1.0215,0.82389
0.19882,0.055362
1.2593,0.7892
0.46048,0.36394
1.1445,0.66157
0.01005,0.067299
0.87096,0.50993
1.2276,0.87372
1.1679,0.90576
0.41625,0.2944
0.38552,0.21586
0.48928,0.35218
0.20877,0.20593
0.36627,0.20135
0.45104,0.38089
0.90036,0.22674
1.0737,0.17472
1.3532,0.060271
1.2012,0.0097531
1.395,0.60235
