1.1319,0.91022
0.46696,0.27161
0.45776,0.37647
0.57856,0.34569
1.3283,0.97254
1.1428,0.79266
0.37102,0.13389
0.5112,0.32316
1.062,0.77795
0.38164,0.30679
0.59393,0.37623
0.083953,0.12805
1.299,0.99659
0.14772,0.17257
0.85565,0.7295
1.1407,0.70349
1.3169,0.8461
0.76553,0.43738
0.85491,0.50301
0.030875,0.10955
1.0953,0.59745
0.59336,0.2546
0.038836,0.01071
0.50233,0.41101
1.4875,0.98171
0.32821,0.37004
0.28785,0.17891
0.48607,0.37884
0.029568,0.13482
0.45033,0.23271
0.24043,0.01822
1.2365,0.71795
0.46313,0.27465
0.35179,0.17134
1.3021,0.74198
1.4511,0.94136
0.96037,0.57611
0.66603,0.59961
0.50171,0.31176
0.055382,0.19558
0.96892,0.62676
0.70486,0.58515
0.92768,0.57471
0.07124,0.14945
1.4738,0.88397
1.1412,0.11851
1.3621,0.43802
1.2399,0.09002
0.62271,0.0065222
1.175,0.48925
