1.3591,0.43283
0.79345,0.24038
1.0266,0.40406
0.67843,0.011208
1.4423,0.5169
0.89426,0.34294
1.4597,0.45191
1.4755,0.12162
0.77713,0.077991
0.72381,0.23939
0.62608,0.13033
1.345,0.26324
1.1441,0.35162
1.4847,0.35287
0.73826,0.16484
1.1862,0.25129
1.313,0.092892
0.95505,0.15946
1.4648,0.35684
1.3068,0.081559
0.7343,0.092524
1.1779,0.41561
0.9742,0.00066896
1.242,0.51232
0.56511,0.11842
1.3095,0.42871
1.4421,0.16307
1.1005,0.34946
1.2608,0.067788
0.79723,0.14135
1.0797,0.39868
1.0268,0.4445
1.4361,0.2747
1.266,0.34081
1.0168,0.1894
1.2185,0.55001
0.94261,0.14871
1.1376,0.4114
1.2508,0.45595
1.3691,0.097347
1.3789,0.62062
0.72439,0.094504
1.3816,0.40068
0.66584,0.067067
1.2848,0.52305
0.88897,0.49587
0.27338,0.31377
0.59593,0.51668
0.18921,0.10871
0.64406,0.45779
