0.44974,0.0058199
1.4946,0.58222
0.80204,0.26532
1.4746,0.44412
1.3541,0.40362
0.68386,0.0089232
0.67927,0.0021011
1.1497,0.14012
1.4756,0.7088
1.4924,0.13356
1.2253,0.20825
1.0217,0.2445
0.96356,0.062188
1.1775,0.24908
1.4963,0.62155
1.4013,0.55769
1.1079,0.23441
1.0746,0.4364
1.3641,0.45309
1.1624,0.40343
0.90379,0.20101
1.3392,0.6113
1.1924,0.26002
0.53687,0.063738
1.1591,0.18582
1.3673,0.52056
1.3896,0.37537
0.6863,0.19558
0.89511,0.13187
1.4058,0.31048
1.2469,0.033373
1.2865,0.1392
0.8065,0.19649
1.2655,0.32162
1.3276,0.54274
0.70915,0.084154
1.3306,0.48621
0.72633,0.057259
0.8674,0.055725
0.90561,0.24279
1.1181,0.41104
1.3292,0.32405
1.203,0.0789
1.3176,0.39451
1.3109,0.28907
0.074903,0.096622
0.43526,0.26874
0.73766,0.50643
0.90419,0.51115
0.95782,0.73772
