1.2611,0.90234
0.9606,0.77833
1.0671,0.75735
1.1894,0.6725
0.56178,0.23065
1.4159,0.94116
0.65314,0.543
0.98822,0.53875
0.48578,0.23307
0.65947,0.50744
0.75117,0.62517
1.4379,0.9767
0.21561,0.23119
1.0604,0.77873
1,0.51709
0.57046,0.25189
0.33829,0.29834
1.0532,0.86203
0.16595,0.23098
0.88363,0.52421
0.38089,0.31008
0.65292,0.31552
1.0588,0.81219
1.0818,0.82492
0.16528,0.13725
0.48948,0.23838
0.25244,0.14046
0.8076,0.5327
0.6129,0.35551
0.38556,0.29365
0.41241,0.24773
0.26687,0.24298
1.086,0.76193
0.31885,0.29512
0.47419,0.19391
1.0028,0.56512
1.302,0.9738
0.89684,0.65446
0.69189,0.33873
0.83763,0.40293
1.1114,0.79172
1.4705,0.8459
1.4371,0.80904
0.44927,0.22598
0.84537,0.63623
0.99603,0.10537
0.94207,0.023872
1.2299,0.44447
1.4721,0.56444
1.4078,0.30406
