1.143,0.37332
1.3626,0.45252
0.78756,0.22748
1.1993,0.32403
1.3077,0.32836
0.97945,0.25307
1.3934,0.43999
0.77469,0.1046
1.4549,0.65814
0.89667,0.31086
1.2557,0.049196
1.2227,0.061674
0.43027,0.0064439
0.6659,0.19902
0.88325,0.10934
0.90145,0.26295
1.3208,0.6163
1.3961,0.33541
1.046,0.34947
0.6554,0.046188
0.93977,0.091939
0.77887,0.069866
1.3133,0.32995
1.4352,0.24062
0.80175,0.045839
1.4347,0.40413
0.93867,0.25032
1.3094,0.056495
1.4025,0.36618
0.87869,0.17878
1.1975,0.36879
1.4211,0.28048
1.3286,0.02278
0.64684,0.18296
1.1467,0.15972
1.3445,0.4916
1.3594,0.37783
1.1302,0.44538
0.99723,0.021817
1.4123,0.48201
1.0315,0.16735
0.60091,0.11123
1.2736,0.47756
0.47161,0.065875
1.2611,0.46219
0.28805,0.25223
1.3035,0.8178
1.3112,0.86035
0.030722,0.0073882
1.033,0.8126
