1.1143,0.16528
0.93067,0.070917
0.8635,0.012257
1.1652,0.33516
0.67604,0.029169
1.4166,0.48679
1.1155,0.16098
1.2421,0.28381
1.1258,0.24936
1.195,0.20299
0.82017,0.2274
1.0154,0.075345
0.73712,0.072386
1.2303,0.23808
0.85519,0.2155
1.0992,0.080876
1.4001,0.60772
1.2689,0.089755
1.2712,0.48467
0.99267,0.23552
1.0984,0.47176
0.97974,0.22337
1.4387,0.25686
0.98338,0.28213
0.70245,0.14046
0.63976,0.16673
1.1023,0.10363
0.92668,0.072914
0.72587,0.055029
1.0002,0.053864
0.63223,0.14316
0.96961,0.20001
0.92007,0.18951
1.168,0.31276
1.112,0.48669
1.2992,0.061829
1.0642,0.31046
1.4586,0.59659
0.94683,0.22823
0.85309,0.08195
1.0359,0.23526
0.39593,0.019667
0.87503,0.23241
0.9918,0.037396
1.1899,0.29464
0.29173,0.18517
0.54671,0.4199
0.91477,0.49812
0.1158,0.12877
1.2654,0.83372
