0.57537,0.5107
0.41186,0.39386
0.23223,0.05304
0.9426,0.48992
0.69438,0.53864
0.90053,0.63685
0.96937,0.58449
0.011038,0.10437
0.61048,0.52985
0.50547,0.17909
0.50695,0.46214
0.47974,0.36748
0.89046,0.44825
0.60043,0.36284
0.62226,0.54197
0.21269,0.21564
0.82573,0.62074
1.4424,0.95593
0.3039,0.29254
0.86034,0.50459
0.65445,0.55447
0.48444,0.46612
0.0083766,0.066954
0.36605,0.36247
1.2906,0.92449
0.95606,0.57125
0.24877,0.14743
1.07,0.86199
0.718,0.488
0.29523,0.32034
0.90117,0.75494
0.36882,0.10202
1.1651,0.89714
0.78196,0.44361
0.98029,0.52617
0.87382,0.59422
0.28257,0.31673
0.46946,0.24078
0.94149,0.77248
0.16367,0.11804
0.66299,0.41857
0.47343,0.25222
0.47477,0.30389
0.14244,0.2424
1.0605,0.8083
1.0905,0.042198
1.2917,0.41207
1.1823,0.35842
0.83942,0.098697
0.84485,0.13343
