1.426,0.54233
1.4505,0.16185
1.499,0.21041
1.1609,0.34253
0.89682,0.042816
1.3806,0.56224
0.86168,0.21651
1.4209,0.025881
0.86928,0.033174
1.3448,0.49616
1.3308,0.64199
0.78816,0.18813
0.96881,0.19103
1.1688,0.2254
1.3982,0.20137
0.72671,0.10724
0.99129,0.068623
1.4764,0.059639
0.70043,0.043424
1.4501,0.43413
0.99634,0.11688
1.4169,0.67122
0.6943,0.15463
0.81105,0.25707
0.74957,0.22949
1.2769,0.063311
1.3538,0.016662
1.3674,0.30863
1.2764,0.067329
0.66879,0.12633
0.66994,0.18843
0.6134,0.10971
1.1272,0.48142
0.85029,0.18674
1.1292,0.090184
1.3811,0.16469
0.80747,0.14409
1.0389,0.032293
0.83478,0.2596
1.3252,0.46079
1.4036,0.63252
1.0707,0.035494
1.4479,0.41832
1.4319,0.6051
1.2381,0.15035
0.10283,0.19899
0.34297,0.31726
0.7638,0.38584
0.99699,0.80612
0.11654,0.07893
