0.20745,0.14249
0.70062,0.53539
1.3538,0.91928
0.80194,0.48716
1.2,0.67719
0.83336,0.53101
1.0197,0.5911
0.10758,0.15022
1.1848,0.67342
0.22626,0.24041
0.90463,0.54633
0.90842,0.48694
0.40726,0.20515
1.2264,0.85958
1.0659,0.62965
0.22096,0.03341
0.32129,0.33471
0.66684,0.30801
0.60995,0.46435
0.33355,0.069526
1.1422,0.82126
0.729,0.46992
0.13617,0.23153
0.46829,0.30969
1.0784,0.68724
1.4725,0.89511
0.52217,0.36516
0.49876,0.26027
0.78285,0.4122
1.2441,0.68817
1.2367,0.86854
0.9456,0.57247
0.68701,0.44241
0.12841,0.029185
1.2108,0.67451
0.41813,0.19292
0.83169,0.6394
1.04,0.76064
0.39158,0.19535
1.0806,0.59771
0.60252,0.33943
0.68062,0.35462
0.62165,0.32171
1.3621,0.94982
0.45178,0.41461
1.4379,0.19847
0.74099,0.08944
0.82027,0.10257
1.2839,0.14431
1.433,0.050019
