1.1143,0.14616
0.54928,0.015826
1.3558,0.32855
1.2169,0.023362
1.4853,0.42927
0.93131,0.19955
1.3504,0.097986
1.166,0.17579
1.0919,0.091659
0.86193,0.22203
1.4928,0.0033561
1.3792,0.037993
0.64317,0.11059
0.95447,0.25556
1.0122,0.020529
0.77398,0.019436
1.374,0.38337
1.168,0.38784
1.2907,0.5335
1.0178,0.24181
0.99127,0.12447
0.73599,0.088523
0.84088,0.031608
1.0669,0.16738
1.2632,0.2015
0.58331,0.10827
0.79803,0.02624
1.3172,0.49475
1.3417,0.38684
1.2143,0.23914
0.71141,0.12748
1.1518,0.46762
1.2659,0.18223
0.56886,0.068696
1.3102,0.094297
0.82821,0.19274
0.9063,0.034411
1.4756,0.2427
1.1841,0.062834
1.4483,0.11392
1.3175,0.12582
1.4326,0.4018
0.76534,0.092961
0.90266,0.010641
1.3416,0.05634
0.28199,0.23533
0.096872,0.15306
0.054807,0.16531
0.35306,0.25374
1.2541,0.86839
