0.3087,0.071982
1.3519,0.82482
0.61022,0.3842
0.96591,0.56329
1.1356,0.75206
0.81093,0.53911
1.3723,0.77951
0.80671,0.40224
0.3661,0.26248
1.0388,0.62884
0.71279,0.41115
0.57757,0.52481
1.2192,0.83904
1.363,0.85794
0.80799,0.68492
0.99968,0.54248
0.24148,0.03302
1.1436,0.65819
0.09325,0.11727
0.57647,0.2382
1.1338,0.79294
0.26495,0.17544
1.2299,0.77501
1.202,0.72262
1.4878,0.93366
1.1274,0.71228
0.59655,0.42169
0.91116,0.70994
0.58689,0.29274
1.4835,0.89499
0.64846,0.43226
1.3336,0.88453
0.51006,0.4944
0.22301,0.037345
1.1063,0.69433
1.3565,0.92018
0.47493,0.46651
0.20637,0.094096
0.50663,0.35159
0.202,0.1498
1.2478,0.95518
1.3596,0.80288
1.0772,0.69398
0.89989,0.64443
0.1106,0.20928
1.2477,0.44093
1.4239,0.59021
0.74986,0.11086
1.2292,0.17677
0.85491,0.10572
