1.3245,0.92079
1.4451,0.86388
0.34653,0.37441
0.2772,0.33345
1.064,0.86589
0.51965,0.29592
0.53762,0.49106
0.3876,0.2299
0.45059,0.36723
1.2429,0.82565
0.51684,0.2975
0.56088,0.49007
0.86532,0.67796
0.91818,0.63635
1.1511,0.81275
0.71673,0.56172
1.4871,0.93908
0.23036,0.072726
0.90749,0.48033
0.91775,0.48931
1.2895,0.8913
1.1316,0.79982
0.20034,0.27461
1.4055,0.99558
0.82008,0.42248
1.1685,0.76932
0.22241,0.15038
0.80463,0.56146
0.46822,0.20457
0.92887,0.46405
0.72623,0.34393
0.33834,0.13397
0.85924,0.60784
0.78744,0.64299
0.43675,0.32506
1.1991,0.78192
0.017725,0.12233
0.38329,0.11086
0.58489,0.24938
0.57205,0.28099
0.79961,0.63765
0.28092,0.029658
0.78651,0.38398
0.5807,0.41106
0.7921,0.45337
1.2693,0.59978
1.1823,0.36045
1.3465,0.1275
1.1837,0.49127
1.4991,0.58061
