0.89284,0.53905
0.11726,0.088545
0.82215,0.60595
1.4685,0.91333
1.2762,0.72376
0.51293,0.35053
0.33581,0.067887
0.53062,0.36365
0.39374,0.42057
1.2191,0.659
0.96337,0.69289
0.34827,0.29048
0.14295,0.19071
0.070292,0.17862
0.65499,0.33272
1.1535,0.61434
0.87589,0.70457
0.76527,0.5763
1.1631,0.6896
0.88293,0.56475
0.15451,0.1836
0.62538,0.26458
0.78694,0.4058
0.97601,0.5351
0.55682,0.28415
1.0714,0.73136
0.36837,0.2232
1.2065,0.77682
0.04605,0.034983
0.68552,0.44897
0.34331,0.11086
0.87681,0.5788
1.1143,0.77274
1.2891,0.70351
0.19185,0.0017224
0.27249,0.27089
1.1631,0.85555
0.87404,0.70157
0.43156,0.13418
0.10799,0.14185
0.15712,0.2018
0.83296,0.54839
0.62075,0.38276
1.249,0.76673
0.26004,0.016868
1.0873,0.08874
0.69285,0.12596
1.2137,0.49512
1.4732,0.39272
1.212,0.32544
