0.87408,0.49824
0.87667,0.46968
0.64742,0.41239
1.1296,0.82595
1.2185,0.86912
0.29881,0.085177
1.4439,0.87328
0.71238,0.44083
0.23081,0.027098
0.32313,0.33125
0.95944,0.60947
0.75907,0.54923
0.0093035,0.16153
0.53093,0.27574
1.2476,0.86145
0.55221,0.47107
0.45021,0.24983
1.1174,0.69194
1.2394,0.7994
0.44167,0.25871
1.2768,0.69344
0.82915,0.5322
0.45325,0.21114
0.22659,0.099429
0.43148,0.13152
0.96772,0.58576
0.49065,0.23337
0.11095,0.20406
0.81458,0.46877
0.85415,0.45014
0.21598,0.01434
0.87109,0.62072
0.46099,0.29548
0.37718,0.40469
0.90403,0.48888
0.901,0.49229
0.13076,0.20515
1.3358,0.87687
0.1449,0.18311
1.3429,0.84033
0.38675,0.2087
0.52227,0.4314
0.95793,0.61082
0.26857,0.29057
1.4083,0.98831
0.98321,0.24579
1.1984,0.25913
0.75091,0.05225
0.94476,0.33553
1.4634,0.674
