0.73971,0.060259
1.0711,0.00043739
1.0768,0.46076
0.68866,0.19902
1.1138,0.086362
1.3683,0.028904
1.354,0.62924
1.1331,0.29979
1.1515,0.38683
0.96388,0.30676
0.61884,0.12122
0.95342,0.34058
1.0862,0.00030048
0.99596,0.024489
1.0137,0.27694
0.93232,0.0966
1.4552,0.37617
1.2056,0.14923
1.3214,0.49563
1.1566,0.2734
1.4627,0.45337
1.0152,0.26115
1.3123,0.36472
1.1208,0.20336
1.3097,0.43289
1.4404,0.57802
0.48711,0.042245
0.87711,0.3125
0.72823,0.10266
1.0109,0.2151
0.61939,0.14606
1.2122,0.22137
1.0562,0.40064
0.82925,0.1378
1.0266,0.28787
1.3801,0.12372
1.1353,0.44367
1.296,0.4733
1.3601,0.32527
0.92555,0.090247
1.0794,0.12666
1.2798,0.050885
1.201,0.49623
1.3466,0.15247
1.2879,0.44968
0.88749,0.50176
0.32514,0.16259
0.28042,0.079398
0.13288,0.019594
1.2214,0.92743
