1.2687,0.50837
1.4735,0.33175
0.91693,0.30954
1.0735,0.16171
0.9764,0.23632
1.2704,0.13849
1.2953,0.58185
1.4116,0.49751
1.0693,0.061597
1.2796,0.45615
0.84457,0.029989
1.3093,0.4384
1.0729,0.066309
1.426,0.37333
0.85646,0.019386
0.72782,0.199
1.3341,0.023086
0.88097,0.016308
1.2237,0.41343
1.2931,0.35612
1.2708,0.45202
1.3951,0.3479
0.69991,0.17984
1.4737,0.26877
1.0032,0.099842
1.1613,0.0071986
0.91896,0.27605
0.8425,0.12094
1.4198,0.4444
0.48771,0.043533
1.1032,0.22507
1.3594,0.016681
0.71405,0.00097721
0.5414,0.012957
1.4478,0.14037
1.335,0.11327
1.1748,0.16072
1.4871,0.019831
1.2032,0.48254
0.86988,0.23325
1.498,0.31488
1.105,0.11424
0.81659,0.12937
1.104,0.060821
1.4624,0.51066
0.21522,0.16305
0.30031,0.17382
0.72793,0.54674
0.53856,0.28458
0.20636,0.16481
