1.2138,0.31842
1.4726,0.056649
0.97454,0.15444
1.2206,0.44141
1.145,0.15027
0.64831,0.17922
0.83801,0.29214
1.0283,0.21023
1.3569,0.26489
1.0178,0.0050096
0.66297,0.094896
1.4814,0.65763
1.283,0.27794
0.91444,0.17748
0.57973,0.07433
1.223,0.47839
0.93538,0.35313
1.2026,0.12083
0.68411,0.043219
1.3167,0.036784
1.4415,0.51011
1.3693,0.57376
0.8628,0.23306
0.44099,0.0094994
1.4071,0.095401
0.84568,0.17771
1.3147,0.33201
0.75014,0.090406
0.50539,0.062946
0.97112,0.14338
0.75306,0.20669
1.406,0.026187
1.4109,0.013719
1.1209,0.2267
1.2662,0.22782
1.1307,0.40322
1.471,0.67925
1.3408,0.15615
1.1101,0.14491
0.77129,0.010454
0.96463,0.39502
1.4642,0.54458
1.0513,0.38392
1.3504,0.086742
0.90223,0.3029
0.89565,0.57739
0.47688,0.23484
0.57546,0.27685
0.50482,0.40411
0.57514,0.33883
