0.31674
0.36175
0.33501
0.37085
0.73805
0.17152
0.18774
0.17853
0.43289
0.53427
0.039969
0.82479
0.23242
0.21944
0.36018
0.033948
0.82833
0.44852
0.10635
0.78329
0.83492
0.31371
0.078157
0.33222
0.61118
0.63038
0.18742
0.21332
0.49137
0.4808
0.25583
0.079211
0.16831
0.728
0.81009
0.46409
0.012256
0.10539
0.74509
0.56152
0.81701
0.4675
0.29666
0.68517
0.043951
0.17819
0.25222
0.16061
0.83999
0.80836
3.3036
4.2062
0.058809
0.04902
2.2214
3.8611
0.087029
2.5765
3.8838
0.56258
2.3277
0.051878
3.1808
0.1356
2.0945
0.08654
0.044925
3.2408
0.016419
0.051132
0.20286
0.81815
0.13605
0.11162
0.08114
0.15916
0.19659
0.62204
4.0975
4.1014
3.6002
0.042141
0.65744
3.3651
0.14896
0.25719
0.13759
0.048053
0.054265
0.047389
3.2857
0.96213
0.23285
0.13024
0.13752
0.099433
0.075041
3.2555
3.2964
0.38419
