1.3945,0.41272
0.78984,0.018945
0.99554,0.3155
0.89662,0.19749
1.0788,0.14203
1.4452,0.31438
1.492,0.52166
0.98188,0.18382
0.50727,0.093318
1.1703,0.46915
1.1335,0.44599
1.1805,0.035172
0.54818,0.057447
1.104,0.39734
1.2875,0.11658
0.96544,0.16014
1.3403,0.24554
0.78603,0.053282
1.3277,0.52249
1.3983,0.25532
0.5279,0.080173
1.2622,0.51263
1.3018,0.26353
1.1205,0.12676
1.3138,0.56289
1.3806,0.28068
1.1055,0.4721
1.297,0.21175
1.2891,0.19297
0.93584,0.24641
1.0775,0.19708
1.1225,0.41655
0.91156,0.10441
1.2981,0.50558
1.4319,0.10828
1.3233,0.44496
1.0278,0.18411
0.66932,0.15533
0.88603,0.10514
1.4419,0.60116
