1.0892,0.71678
1.1715,0.81206
0.47827,0.22197
0.73364,0.4702
0.59591,0.31577
0.1978,0.15193
0.93194,0.65502
0.72459,0.49305
1.2587,0.84524
1.1038,0.58595
0.4454,0.28091
1.1174,0.61872
0.73472,0.34137
1.1298,0.90178
0.94209,0.59375
0.47919,0.2155
0.66926,0.58002
0.63663,0.57635
0.61116,0.42427
0.29548,0.11425
1.3636,0.89306
0.82082,0.70127
0.72203,0.41481
1.1114,0.72435
0.3428,0.34156
0.85772,0.46686
0.42655,0.42304
1.2343,0.72819
1.0588,0.64271
1.2457,0.70625
0.42343,0.30301
0.96812,0.55133
0.26151,0.029497
0.15321,0.12699
0.31448,0.30275
1.0071,0.52787
0.98162,0.66991
1.1663,0.87168
0.67631,0.46576
0.21785,0.0042127
0.65133,0.45607
1.1526,0.90901
0.24909,0.20384
0.86667,0.71953
0.24241,0.31785
