0.59022,0.49567
0.14287,0.14491
1.086,0.81363
0.79982,0.63026
0.44132,0.16295
1.3619,0.92957
1.237,0.75787
0.41652,0.23143
0.19211,0.21281
0.78302,0.4227
1.4712,0.96758
0.77653,0.59363
0.10721,0.11897
0.25472,0.2403
0.78736,0.42117
0.67228,0.34263
1.387,0.93892
1.2642,0.85373
0.2012,0.29057
0.4699,0.44106
1.2798,0.92241
1.0527,0.83952
1.3301,0.93952
0.79518,0.4882
0.95958,0.7405
0.041426,0.026712
0.75276,0.38962
0.5296,0.32921
1.2772,0.89245
0.75897,0.52039
0.55575,0.22856
0.22509,0.024361
1.303,0.80063
1.0156,0.60168
0.49919,0.37671
1.3557,0.93525
0.82654,0.68629
0.36872,0.23492
0.54975,0.51026
0.74361,0.54313
