1.1579,0.37565
0.95866,0.20358
1.0083,0.21544
0.71982,0.09585
0.90108,0.29266
1.1327,0.0094507
1.4807,0.061976
1.481,0.34102
1.2599,0.43377
1.2768,0.45187
1.1534,0.028556
1.4478,0.68773
1.3211,0.045201
1.4111,0.031945
0.84301,0.14943
1.3191,0.070075
1.3737,0.65289
1.3367,0.42493
1.1384,0.12863
1.3235,0.53674
1.4228,0.69487
1.3022,0.33761
1.183,0.030618
1.3682,0.16741
0.6134,0.12379
1.3464,0.4998
1.0655,0.17919
1.4189,0.3342
1.4093,0.48519
1.0048,0.27643
1.3766,0.33913
1.2195,0.073786
1.1655,0.18168
1.1684,0.42951
0.91346,0.35847
0.95888,0.24628
1.3413,0.079928
1.0004,0.13076
1.1831,0.44276
0.9974,0.057702
0.95385,0.39144
1.1918,0.36341
1.1894,0.38968
0.97408,0.31898
1.0794,0.010086
1.1077,0.19254
1.1695,0.24942
1.0638,0.1453
1.4824,0.73996
1.0499,0.42775
