0.99072,0.57531
0.64,0.45109
0.44596,0.16416
1.0583,0.57718
0.14219,0.21873
0.072411,0.059588
1.3256,0.72645
1.0823,0.80562
0.93035,0.4787
1.2197,0.83167
0.48538,0.25903
0.81871,0.59147
0.29818,0.29879
0.68457,0.48919
0.79298,0.43507
0.25328,0.30066
0.7342,0.56205
0.10552,0.22701
0.35257,0.11036
0.2147,0.2618
1.4688,0.82327
0.64397,0.4209
0.70813,0.46135
1.1536,0.63358
1.1851,0.69452
1.2299,0.67151
1.0214,0.54106
0.71584,0.51842
0.084855,0.21108
0.74289,0.58995
0.83882,0.56875
1.2851,0.78733
0.88751,0.50755
0.0093438,0.012694
1.3727,0.9056
