1.0831,0.2381
0.96126,0.070673
1.2838,0.35925
1.0778,0.086581
1.4449,0.44836
1.3266,0.51742
1.127,0.50315
0.66935,0.03013
1.4654,0.36452
1.4457,0.2954
1.2161,0.39206
0.73101,0.11327
1.2744,0.17906
1.3082,0.24262
1.2901,0.5357
1.3566,0.19687
1.103,0.033144
1.1532,0.14065
1.2019,0.4077
1.3176,0.19127
1.1321,0.15695
0.77432,0.09699
0.71932,0.0011629
0.9777,0.15121
1.3413,0.18015
1.4358,0.10455
1.0952,0.23397
1.4325,0.13262
0.56995,0.0045765
0.96729,0.25631
0.82866,0.2251
1.3516,0.15428
1.3759,0.1256
0.73411,0.17244
0.82322,0.1298
0.79846,0.26253
0.63164,0.10307
0.892,0.15163
1.1411,0.036289
0.76495,0.22603
1.2059,0.17195
1.0421,0.42589
1.043,0.16573
1.4245,0.40793
1.2595,0.38416
