0.87213,0.30017
1.0018,0.18585
1.2292,0.13164
0.99595,0.41104
1.3863,0.41358
0.9979,0.00351
1.1261,0.29857
0.88679,0.25681
0.9855,0.0077619
0.94072,0.07558
1.4013,0.41251
0.96957,0.35375
1.1514,0.33773
1.4503,0.17453
0.82139,0.13308
1.2402,0.25318
1.4779,0.20613
1.3946,0.47211
1.4772,0.1685
1.4347,0.40499
1.468,0.62577
1.3873,0.12698
1.4296,0.57501
0.65674,0.18291
1.1021,0.35025
1.0328,0.10595
1.065,0.098857
1.1147,0.45265
0.89729,0.061003
1.4292,0.49054
1.2133,0.087945
1.4776,0.72628
0.80006,0.26589
1.4394,0.03072
1.3817,0.06493
