0.17528,0.10022
0.36164,0.21741
0.87433,0.71308
1.0848,0.76773
0.48551,0.27568
0.057265,0.0387
0.93438,0.58742
0.43134,0.2718
0.33488,0.19745
0.60084,0.38743
0.17634,0.26629
0.74077,0.61928
0.14936,0.18643
1.241,0.70467
0.65692,0.30794
0.77265,0.57149
0.95697,0.73722
0.26006,0.046016
1.1554,0.7548
0.97446,0.7171
0.99327,0.53062
0.52362,0.32123
1.2006,0.68569
0.81471,0.55949
1.1409,0.60359
1.2395,0.97973
0.92836,0.52803
1.1263,0.6466
0.37691,0.18474
0.028339,0.021132
0.3406,0.14985
1.2891,0.88062
0.60356,0.36016
0.22549,0.21266
0.60385,0.4864
0.73845,0.50018
1.3088,0.99161
0.58988,0.54712
0.59437,0.54536
1.0017,0.75853
0.26415,0.16233
0.33278,0.32314
0.81832,0.50837
1.2042,0.72722
0.99496,0.69006
1.3621,0.82195
1.4145,0.97391
0.11966,0.15329
0.23195,0.20609
0.83664,0.61206
